> print(stan.white)
Inference for Stan model: 2d8c5ce7f9e811500fd154fb5fec39cd.
4 chains, each with iter=30000; warmup=15000; thin=1; 
post-warmup draws per chain=15000, total post-warmup draws=60000.

                      mean se_mean   sd     2.5%      25%      50%      75%    97.5% n_eff Rhat
b0                   -6.45    0.04 5.13   -16.42    -9.91    -6.48    -3.04     3.72 18257    1
parEnvironment[1]     0.07    0.00 0.27    -0.46    -0.12     0.06     0.25     0.60 29243    1
parEnvironment[2]    -0.10    0.00 0.11    -0.31    -0.17    -0.09    -0.02     0.11 21181    1
parEnvironment[3]     1.25    0.00 0.34     0.59     1.02     1.25     1.48     1.92 21451    1
parEnvironment[4]     0.19    0.00 0.09     0.03     0.14     0.19     0.25     0.36 17922    1
parBiological[1]     -0.02    0.00 0.01    -0.03    -0.02    -0.02    -0.01     0.00 33928    1
tauMonth              0.38    0.00 0.09     0.24     0.32     0.37     0.43     0.59 15722    1
v_raw[1]             -0.80    0.00 0.56    -1.95    -1.16    -0.78    -0.42     0.26 24431    1
v_raw[2]              1.72    0.00 0.53     0.75     1.36     1.70     2.06     2.82 19469    1
v_raw[3]              1.06    0.00 0.47     0.17     0.74     1.04     1.37     2.02 24306    1
v_raw[4]             -0.36    0.00 0.48    -1.35    -0.67    -0.35    -0.04     0.55 30571    1
v_raw[5]              0.29    0.00 0.44    -0.57     0.00     0.29     0.59     1.18 27571    1
v_raw[6]              0.42    0.00 0.50    -0.55     0.08     0.42     0.75     1.44 22915    1
v_raw[7]              0.08    0.00 0.53    -0.96    -0.27     0.08     0.43     1.12 26359    1
v_raw[8]             -0.66    0.00 0.48    -1.63    -0.97    -0.65    -0.34     0.23 22488    1
v_raw[9]              0.90    0.00 0.49    -0.02     0.57     0.88     1.21     1.90 22153    1
v_raw[10]            -1.17    0.00 0.61    -2.41    -1.57    -1.14    -0.74    -0.03 27836    1
v_raw[11]             0.36    0.00 0.63    -0.90    -0.06     0.36     0.78     1.59 33350    1
v_raw[12]            -0.06    0.00 0.66    -1.36    -0.50    -0.06     0.38     1.26 27883    1
v_raw[13]            -0.29    0.00 0.43    -1.16    -0.58    -0.29     0.00     0.54 23672    1
v_raw[14]             0.14    0.00 0.44    -0.72    -0.16     0.14     0.43     1.01 24789    1
v_raw[15]            -1.89    0.00 0.56    -3.05    -2.26    -1.87    -1.50    -0.84 24956    1
v_raw[16]             0.17    0.00 0.54    -0.87    -0.18     0.17     0.53     1.25 21885    1
v[1]                 -0.29    0.00 0.20    -0.69    -0.42    -0.29    -0.16     0.10 26017    1
v[2]                  0.63    0.00 0.17     0.30     0.52     0.63     0.75     0.99 24253    1
v[3]                  0.39    0.00 0.17     0.07     0.28     0.39     0.50     0.74 27676    1
v[4]                 -0.13    0.00 0.18    -0.48    -0.25    -0.13    -0.01     0.21 31480    1
v[5]                  0.11    0.00 0.16    -0.22     0.00     0.11     0.22     0.43 28367    1
v[6]                  0.15    0.00 0.19    -0.21     0.03     0.15     0.28     0.52 23401    1
v[7]                  0.03    0.00 0.20    -0.37    -0.10     0.03     0.16     0.41 26220    1
v[8]                 -0.24    0.00 0.17    -0.59    -0.36    -0.24    -0.13     0.09 22724    1
v[9]                  0.33    0.00 0.17    -0.01     0.21     0.33     0.44     0.66 24753    1
v[10]                -0.43    0.00 0.21    -0.86    -0.57    -0.42    -0.28    -0.01 31854    1
v[11]                 0.14    0.00 0.24    -0.32    -0.02     0.13     0.29     0.62 33082    1
v[12]                -0.02    0.00 0.25    -0.52    -0.19    -0.02     0.14     0.46 27582    1
v[13]                -0.11    0.00 0.16    -0.43    -0.21    -0.11     0.00     0.20 24059    1
v[14]                 0.05    0.00 0.16    -0.28    -0.06     0.05     0.16     0.37 25088    1
v[15]                -0.70    0.00 0.20    -1.12    -0.83    -0.69    -0.56    -0.32 27119    1
v[16]                 0.06    0.00 0.20    -0.34    -0.07     0.06     0.19     0.45 22243    1
RealDisease[1]       -4.78    0.00 0.15    -5.09    -4.88    -4.78    -4.68    -4.50 60000    1
RealDisease[2]       -4.73    0.00 0.15    -5.03    -4.82    -4.72    -4.62    -4.44 60000    1
RealDisease[3]       -4.86    0.00 0.15    -5.17    -4.96    -4.85    -4.75    -4.57 60000    1
RealDisease[4]       -4.60    0.00 0.17    -4.94    -4.71    -4.60    -4.48    -4.28 60000    1
RealDisease[5]       -3.87    0.00 0.10    -4.07    -3.94    -3.87    -3.80    -3.68 60000    1
RealDisease[6]       -3.86    0.00 0.11    -4.07    -3.93    -3.86    -3.79    -3.66 60000    1
RealDisease[7]       -3.97    0.00 0.11    -4.18    -4.04    -3.97    -3.89    -3.76 60000    1
RealDisease[8]       -3.74    0.00 0.13    -4.00    -3.83    -3.74    -3.65    -3.48 41748    1
RealDisease[9]       -4.08    0.00 0.12    -4.31    -4.16    -4.08    -4.00    -3.85 60000    1
RealDisease[10]      -4.05    0.00 0.12    -4.29    -4.13    -4.05    -3.97    -3.82 60000    1
RealDisease[11]      -4.13    0.00 0.12    -4.38    -4.21    -4.13    -4.05    -3.89 60000    1
RealDisease[12]      -3.92    0.00 0.14    -4.20    -4.02    -3.92    -3.82    -3.64 60000    1
RealDisease[13]      -4.53    0.00 0.15    -4.83    -4.63    -4.53    -4.43    -4.25 60000    1
RealDisease[14]      -4.52    0.00 0.15    -4.82    -4.62    -4.52    -4.42    -4.25 60000    1
RealDisease[15]      -4.53    0.00 0.15    -4.84    -4.63    -4.53    -4.43    -4.25 60000    1
RealDisease[16]      -4.40    0.00 0.16    -4.73    -4.51    -4.40    -4.29    -4.10 60000    1
RealDisease[17]      -3.99    0.00 0.12    -4.24    -4.07    -3.99    -3.91    -3.75 60000    1
RealDisease[18]      -4.04    0.00 0.12    -4.29    -4.12    -4.04    -3.96    -3.80 60000    1
RealDisease[19]      -4.04    0.00 0.14    -4.32    -4.13    -4.04    -3.94    -3.76 47061    1
RealDisease[20]      -3.93    0.00 0.15    -4.24    -4.04    -3.93    -3.83    -3.64 60000    1
RealDisease[21]      -3.78    0.00 0.12    -4.02    -3.86    -3.78    -3.70    -3.55 60000    1
RealDisease[22]      -3.81    0.00 0.12    -4.05    -3.89    -3.81    -3.73    -3.58 60000    1
RealDisease[23]      -3.73    0.00 0.13    -3.99    -3.82    -3.73    -3.65    -3.49 60000    1
RealDisease[24]      -3.61    0.00 0.14    -3.89    -3.71    -3.61    -3.52    -3.34 60000    1
RealDisease[25]      -3.85    0.00 0.14    -4.14    -3.94    -3.85    -3.75    -3.58 60000    1
RealDisease[26]      -3.88    0.00 0.14    -4.17    -3.98    -3.88    -3.78    -3.61 60000    1
RealDisease[27]      -3.87    0.00 0.15    -4.16    -3.96    -3.86    -3.77    -3.59 60000    1
RealDisease[28]      -3.78    0.00 0.17    -4.11    -3.90    -3.78    -3.67    -3.47 60000    1
RealDisease[29]      -4.09    0.00 0.11    -4.30    -4.16    -4.08    -4.01    -3.88 60000    1
RealDisease[30]      -4.17    0.00 0.11    -4.39    -4.24    -4.17    -4.10    -3.97 60000    1
RealDisease[31]      -4.19    0.00 0.12    -4.42    -4.27    -4.19    -4.11    -3.96 60000    1
RealDisease[32]      -4.03    0.00 0.12    -4.27    -4.11    -4.03    -3.95    -3.80 60000    1
RealDisease[33]      -4.33    0.00 0.12    -4.57    -4.41    -4.32    -4.24    -4.09 60000    1
RealDisease[34]      -4.31    0.00 0.12    -4.56    -4.39    -4.31    -4.23    -4.08 60000    1
RealDisease[35]      -4.33    0.00 0.13    -4.59    -4.42    -4.33    -4.25    -4.08 60000    1
RealDisease[36]      -3.60    0.00 0.13    -3.86    -3.69    -3.59    -3.50    -3.34 60000    1
RealDisease[37]      -5.54    0.00 0.16    -5.87    -5.65    -5.54    -5.43    -5.24 60000    1
RealDisease[38]      -5.50    0.00 0.16    -5.82    -5.60    -5.49    -5.39    -5.19 60000    1
RealDisease[39]      -5.54    0.00 0.16    -5.87    -5.65    -5.53    -5.43    -5.23 60000    1
RealDisease[40]      -5.38    0.00 0.19    -5.77    -5.50    -5.38    -5.25    -5.01 60000    1
RealDisease[41]      -5.01    0.00 0.19    -5.39    -5.13    -5.00    -4.88    -4.64 60000    1
RealDisease[42]      -5.00    0.00 0.19    -5.39    -5.13    -5.00    -4.87    -4.63 60000    1
RealDisease[43]      -4.96    0.00 0.19    -5.34    -5.08    -4.95    -4.83    -4.59 60000    1
RealDisease[44]      -4.85    0.00 0.21    -5.27    -4.99    -4.85    -4.71    -4.46 60000    1
RealDisease[45]      -4.82    0.00 0.13    -5.09    -4.91    -4.82    -4.73    -4.57 60000    1
RealDisease[46]      -4.89    0.00 0.14    -5.17    -4.98    -4.89    -4.80    -4.63 60000    1
RealDisease[47]      -4.86    0.00 0.14    -5.13    -4.95    -4.85    -4.76    -4.59 60000    1
RealDisease[48]      -4.61    0.00 0.15    -4.91    -4.71    -4.61    -4.51    -4.33 60000    1
RealDisease[49]      -3.94    0.00 0.11    -4.16    -4.02    -3.94    -3.87    -3.73 60000    1
RealDisease[50]      -4.01    0.00 0.10    -4.22    -4.08    -4.01    -3.94    -3.82 60000    1
RealDisease[51]      -3.88    0.00 0.11    -4.09    -3.95    -3.88    -3.81    -3.68 60000    1
RealDisease[52]      -3.90    0.00 0.11    -4.12    -3.97    -3.90    -3.82    -3.68 60000    1
RealDisease[53]      -3.89    0.00 0.14    -4.16    -3.98    -3.89    -3.79    -3.62 60000    1
RealDisease[54]      -3.96    0.00 0.17    -4.30    -4.08    -3.96    -3.85    -3.63 41985    1
RealDisease[55]      -3.56    0.00 0.14    -3.84    -3.66    -3.56    -3.47    -3.29 60000    1
RealDisease[56]      -3.88    0.00 0.16    -4.20    -3.99    -3.88    -3.77    -3.58 60000    1
RealDisease[57]      -4.28    0.00 0.14    -4.55    -4.37    -4.28    -4.18    -4.02 60000    1
RealDisease[58]      -4.24    0.00 0.13    -4.51    -4.33    -4.24    -4.15    -3.99 60000    1
RealDisease[59]      -4.27    0.00 0.14    -4.55    -4.36    -4.27    -4.18    -4.01 60000    1
RealDisease[60]      -4.70    0.00 0.22    -5.14    -4.84    -4.69    -4.55    -4.28 38417    1
RealDisease[61]      -3.86    0.00 0.13    -4.13    -3.95    -3.86    -3.77    -3.60 60000    1
RealDisease[62]      -3.74    0.00 0.14    -4.03    -3.84    -3.74    -3.65    -3.47 60000    1
RealDisease[63]      -3.88    0.00 0.13    -4.14    -3.97    -3.88    -3.79    -3.62 60000    1
RealDisease[64]      -4.40    0.00 0.24    -4.88    -4.56    -4.40    -4.24    -3.96 39550    1
mu[1]                -0.29    0.00 0.20    -0.69    -0.42    -0.29    -0.16     0.10 26017    1
mu[2]                -0.29    0.00 0.20    -0.69    -0.42    -0.29    -0.16     0.10 26017    1
mu[3]                -0.29    0.00 0.20    -0.69    -0.42    -0.29    -0.16     0.10 26017    1
mu[4]                -0.29    0.00 0.20    -0.69    -0.42    -0.29    -0.16     0.10 26017    1
mu[5]                 0.63    0.00 0.17     0.30     0.52     0.63     0.75     0.99 24253    1
mu[6]                 0.63    0.00 0.17     0.30     0.52     0.63     0.75     0.99 24253    1
mu[7]                 0.63    0.00 0.17     0.30     0.52     0.63     0.75     0.99 24253    1
mu[8]                 0.63    0.00 0.17     0.30     0.52     0.63     0.75     0.99 24253    1
mu[9]                 0.39    0.00 0.17     0.07     0.28     0.39     0.50     0.74 27676    1
mu[10]                0.39    0.00 0.17     0.07     0.28     0.39     0.50     0.74 27676    1
mu[11]                0.39    0.00 0.17     0.07     0.28     0.39     0.50     0.74 27676    1
mu[12]                0.39    0.00 0.17     0.07     0.28     0.39     0.50     0.74 27676    1
mu[13]               -0.13    0.00 0.18    -0.48    -0.25    -0.13    -0.01     0.21 31480    1
mu[14]               -0.13    0.00 0.18    -0.48    -0.25    -0.13    -0.01     0.21 31480    1
mu[15]               -0.13    0.00 0.18    -0.48    -0.25    -0.13    -0.01     0.21 31480    1
mu[16]               -0.13    0.00 0.18    -0.48    -0.25    -0.13    -0.01     0.21 31480    1
mu[17]                0.11    0.00 0.16    -0.22     0.00     0.11     0.22     0.43 28367    1
mu[18]                0.11    0.00 0.16    -0.22     0.00     0.11     0.22     0.43 28367    1
mu[19]                0.11    0.00 0.16    -0.22     0.00     0.11     0.22     0.43 28367    1
mu[20]                0.11    0.00 0.16    -0.22     0.00     0.11     0.22     0.43 28367    1
mu[21]                0.15    0.00 0.19    -0.21     0.03     0.15     0.28     0.52 23401    1
mu[22]                0.15    0.00 0.19    -0.21     0.03     0.15     0.28     0.52 23401    1
mu[23]                0.15    0.00 0.19    -0.21     0.03     0.15     0.28     0.52 23401    1
mu[24]                0.15    0.00 0.19    -0.21     0.03     0.15     0.28     0.52 23401    1
mu[25]                0.03    0.00 0.20    -0.37    -0.10     0.03     0.16     0.41 26220    1
mu[26]                0.03    0.00 0.20    -0.37    -0.10     0.03     0.16     0.41 26220    1
mu[27]                0.03    0.00 0.20    -0.37    -0.10     0.03     0.16     0.41 26220    1
mu[28]                0.03    0.00 0.20    -0.37    -0.10     0.03     0.16     0.41 26220    1
mu[29]               -0.24    0.00 0.17    -0.59    -0.36    -0.24    -0.13     0.09 22724    1
mu[30]               -0.24    0.00 0.17    -0.59    -0.36    -0.24    -0.13     0.09 22724    1
mu[31]               -0.24    0.00 0.17    -0.59    -0.36    -0.24    -0.13     0.09 22724    1
mu[32]               -0.24    0.00 0.17    -0.59    -0.36    -0.24    -0.13     0.09 22724    1
mu[33]                0.33    0.00 0.17    -0.01     0.21     0.33     0.44     0.66 24753    1
mu[34]                0.33    0.00 0.17    -0.01     0.21     0.33     0.44     0.66 24753    1
mu[35]                0.33    0.00 0.17    -0.01     0.21     0.33     0.44     0.66 24753    1
mu[36]                0.33    0.00 0.17    -0.01     0.21     0.33     0.44     0.66 24753    1
mu[37]               -0.43    0.00 0.21    -0.86    -0.57    -0.42    -0.28    -0.01 31854    1
mu[38]               -0.43    0.00 0.21    -0.86    -0.57    -0.42    -0.28    -0.01 31854    1
mu[39]               -0.43    0.00 0.21    -0.86    -0.57    -0.42    -0.28    -0.01 31854    1
mu[40]               -0.43    0.00 0.21    -0.86    -0.57    -0.42    -0.28    -0.01 31854    1
mu[41]                0.14    0.00 0.24    -0.32    -0.02     0.13     0.29     0.62 33082    1
mu[42]                0.14    0.00 0.24    -0.32    -0.02     0.13     0.29     0.62 33082    1
mu[43]                0.14    0.00 0.24    -0.32    -0.02     0.13     0.29     0.62 33082    1
mu[44]                0.14    0.00 0.24    -0.32    -0.02     0.13     0.29     0.62 33082    1
mu[45]               -0.02    0.00 0.25    -0.52    -0.19    -0.02     0.14     0.46 27582    1
mu[46]               -0.02    0.00 0.25    -0.52    -0.19    -0.02     0.14     0.46 27582    1
mu[47]               -0.02    0.00 0.25    -0.52    -0.19    -0.02     0.14     0.46 27582    1
mu[48]               -0.02    0.00 0.25    -0.52    -0.19    -0.02     0.14     0.46 27582    1
mu[49]               -0.11    0.00 0.16    -0.43    -0.21    -0.11     0.00     0.20 24059    1
mu[50]               -0.11    0.00 0.16    -0.43    -0.21    -0.11     0.00     0.20 24059    1
mu[51]               -0.11    0.00 0.16    -0.43    -0.21    -0.11     0.00     0.20 24059    1
mu[52]               -0.11    0.00 0.16    -0.43    -0.21    -0.11     0.00     0.20 24059    1
mu[53]                0.05    0.00 0.16    -0.28    -0.06     0.05     0.16     0.37 25088    1
mu[54]                0.05    0.00 0.16    -0.28    -0.06     0.05     0.16     0.37 25088    1
mu[55]                0.05    0.00 0.16    -0.28    -0.06     0.05     0.16     0.37 25088    1
mu[56]                0.05    0.00 0.16    -0.28    -0.06     0.05     0.16     0.37 25088    1
mu[57]               -0.70    0.00 0.20    -1.12    -0.83    -0.69    -0.56    -0.32 27119    1
mu[58]               -0.70    0.00 0.20    -1.12    -0.83    -0.69    -0.56    -0.32 27119    1
mu[59]               -0.70    0.00 0.20    -1.12    -0.83    -0.69    -0.56    -0.32 27119    1
mu[60]               -0.70    0.00 0.20    -1.12    -0.83    -0.69    -0.56    -0.32 27119    1
mu[61]                0.06    0.00 0.20    -0.34    -0.07     0.06     0.19     0.45 22243    1
mu[62]                0.06    0.00 0.20    -0.34    -0.07     0.06     0.19     0.45 22243    1
mu[63]                0.06    0.00 0.20    -0.34    -0.07     0.06     0.19     0.45 22243    1
mu[64]                0.06    0.00 0.20    -0.34    -0.07     0.06     0.19     0.45 22243    1
lp__              -5287.98    0.04 4.28 -5297.24 -5290.67 -5287.64 -5284.93 -5280.60 13220    1

Samples were drawn using NUTS(diag_e) at Tue Sep 20 09:16:25 2016.
For each parameter, n_eff is a crude measure of effective sample size,
and Rhat is the potential scale reduction factor on split chains (at 
convergence, Rhat=1).

> devtools::session_info()
Session info ------------------------------------------------------------------------------------
 setting  value                       
 version  R version 3.3.1 (2016-06-21)
 system   x86_64, darwin13.4.0        
 ui       RStudio (0.99.903)          
 language (EN)                        
 collate  en_US.UTF-8                 
 tz       America/St_Thomas           
 date     2016-09-20                  

Packages ----------------------------------------------------------------------------------------
 package      * version date       source                                     
 assertthat     0.1     2013-12-06 CRAN (R 3.3.0)                             
 bitops         1.0-6   2013-08-17 cran (@1.0-6)                              
 caTools        1.17.1  2014-09-10 cran (@1.17.1)                             
 coda         * 0.18-1  2015-10-16 CRAN (R 3.3.0)                             
 codetools      0.2-14  2015-07-15 CRAN (R 3.3.1)                             
 colorspace     1.2-6   2015-03-11 CRAN (R 3.3.0)                             
 DBI            0.4-1   2016-05-08 CRAN (R 3.3.0)                             
 devtools       1.12.0  2016-06-24 CRAN (R 3.3.0)                             
 digest         0.6.10  2016-08-02 CRAN (R 3.3.0)                             
 dplyr          0.5.0   2016-06-24 CRAN (R 3.3.0)                             
 evaluate       0.9     2016-04-29 cran (@0.9)                                
 formatR      * 1.4     2016-05-09 cran (@1.4)                                
 gdata          2.17.0  2015-07-04 CRAN (R 3.3.0)                             
 ggplot2      * 2.1.0   2016-03-01 CRAN (R 3.3.0)                             
 gplots       * 3.0.1   2016-03-30 CRAN (R 3.3.0)                             
 gridExtra      2.2.1   2016-02-29 cran (@2.2.1)                              
 gtable         0.2.0   2016-02-26 CRAN (R 3.3.0)                             
 gtools         3.5.0   2015-05-29 CRAN (R 3.3.0)                             
 highr          0.6     2016-05-09 cran (@0.6)                                
 IDPmisc      * 1.1.17  2012-11-02 CRAN (R 3.3.0)                             
 inline         0.3.14  2015-04-13 CRAN (R 3.3.0)                             
 KernSmooth     2.23-15 2015-06-29 CRAN (R 3.3.1)                             
 knitr        * 1.13    2016-05-09 cran (@1.13)                               
 labeling       0.3     2014-08-23 CRAN (R 3.3.0)                             
 lattice      * 0.20-33 2015-07-14 CRAN (R 3.3.1)                             
 magrittr       1.5     2014-11-22 CRAN (R 3.3.0)                             
 MASS         * 7.3-45  2016-04-21 CRAN (R 3.3.0)                             
 Matrix         1.2-6   2016-05-02 CRAN (R 3.3.1)                             
 MatrixModels   0.4-1   2015-08-22 CRAN (R 3.3.0)                             
 mcmc           0.9-4   2015-07-17 CRAN (R 3.3.0)                             
 MCMCpack     * 1.3-7   2016-08-21 CRAN (R 3.3.0)                             
 memoise        1.0.0   2016-01-29 CRAN (R 3.3.0)                             
 modeest      * 2.1     2012-10-15 CRAN (R 3.3.0)                             
 munsell        0.4.3   2016-02-13 CRAN (R 3.3.0)                             
 nlme           3.1-128 2016-05-10 CRAN (R 3.3.1)                             
 plyr           1.8.4   2016-06-08 CRAN (R 3.3.0)                             
 quantreg       5.26    2016-06-07 CRAN (R 3.3.0)                             
 R6             2.1.2   2016-01-26 CRAN (R 3.3.0)                             
 Rcpp           0.12.6  2016-07-19 CRAN (R 3.3.0)                             
 ROCR         * 1.0-7   2015-03-26 CRAN (R 3.3.0)                             
 rpart          4.1-10  2015-06-29 CRAN (R 3.3.1)                             
 rsconnect      0.4.3   2016-05-02 CRAN (R 3.3.0)                             
 rstan        * 2.11.1  2016-07-29 CRAN (R 3.3.0)                             
 scales         0.4.0   2016-02-26 CRAN (R 3.3.0)                             
 SparseM        1.7     2015-08-15 CRAN (R 3.3.0)                             
 StanCat        0.1     2016-09-02 Github (christophergandrud/StanCat@08191bf)
 StanHeaders  * 2.11.0  2016-07-28 CRAN (R 3.3.0)                             
 stringi        1.1.1   2016-05-27 CRAN (R 3.3.0)                             
 stringr        1.0.0   2015-04-30 CRAN (R 3.3.0)                             
 tibble         1.2     2016-08-26 cran (@1.2)                                
 tidyr          0.6.0   2016-08-12 cran (@0.6.0)                              
 withr          1.0.2   2016-06-20 CRAN (R 3.3.0)   

