-19.0294494109645 1 1.17474881991963 7.0612925415708
-8.11151161946182 1 1.13389939501769 3.29452385819350
-27.8018314229095 1 -1.21610954014220 5.19604487503025
-15.3861292951159 1 0.330531054555204 2.63712003076702
-13.2882502329506 1 -0.0824551926276424 0.228729430726307
-18.0993902518919 1 0.0102678925624374 2.6587487550353
-20.2887999484334 1 -0.503796420599518 4.32630462092707
-13.1584810946073 1 -0.527816553770559 0.240719881601177
-6.59311856009265 1 1.56164222125210 1.94753878979958
-12.0763904467585 1 -0.103316145557993 0.618815456877016
-25.1699112722241 1 0.0392657376394834 7.82138937224118
-16.7550350809144 1 0.378653768652873 5.33438966009015
-28.4103450578050 1 0.607622946671391 10.2069166519756
-28.1000075050608 1 -1.11674264397963 7.00973240142937
-25.81382770068 1 0.736261171579309 8.50030581747007
-15.5954101824176 1 1.09851666920744 6.74571046081953
-23.837408914788 1 -0.699547006796741 5.09193655842326
-21.519542819149 1 0.447732979418078 6.25146262072053
-27.5336595969505 1 -0.393392316373537 8.64129058185069
-13.7084629629603 1 0.196833405314317 2.47721295408674
-28.7325989741773 1 -1.44767595845707 5.48727182877613
-12.4820336099082 1 -0.665607616610736 -0.486841994687508
-9.9920098428869 1 1.20859278551773 3.63984556634385
-22.5359363384697 1 -0.299833158176445 6.12779938538177
-16.7383005854336 1 -1.08460737014206 1.01970290128059
-20.6554714117647 1 -0.945252331007775 2.00225440145120
-23.0502839648666 1 0.00759280573562018 6.10568558689096
-3.27773571784554 1 1.13678211295020 -1.02168150130378
-29.1559697037757 1 -0.420518371951223 8.24842588146484
-23.256946361177 1 -0.0735530106332496 5.89592406099624
-3.60914463782408 1 1.12753109790074 0.155422272281199
-16.9623565321247 1 1.30442978247052 6.47601491485724
-25.1511069196903 1 -0.49939573763269 5.78447120147255
-25.4989836298149 1 -0.294876433066184 6.98004223694763
-17.2049008893116 1 0.803793847126486 5.28344246683594
-16.9213452276634 1 -0.837763835828041 1.96150049775279
-29.4312375767212 1 -1.63891363386965 5.6015335305453
-31.8296942231991 1 -1.49487861030591 6.79088156440876
-20.6979498241988 1 -0.696794905408682 3.51787012811923
-17.6197971750357 1 -0.148780208420279 2.98408041724617
-14.9787615278119 1 0.681439061050054 4.03884939105212
-27.5578109361598 1 2.46767795758282 14.1403154476135
-15.5488397894633 1 -0.455121644001669 2.23941098330175
-39.3932852984362 1 -1.63512284299195 10.0139876320813
-16.7629957549564 1 0.402183404997467 3.98517115360715
-21.4882523249489 1 0.226393408343607 4.49727722356919
-33.6728278949771 1 -1.26482107363835 8.71867057228954
-20.1313815135383 1 0.0981092308848982 4.23760805435653
-20.7945016482799 1 -0.363697345031708 4.79280141288255
-24.935087829776 1 -0.107324693476087 7.22663547523806
